# Berço    Linear [m]    H [mm]    u_H [mm]    V [mm]    u_V [mm]    L [mm]    u_L [mm]    Roll [mrad]    u_roll [mrad]    fH [mm]    dH [mm]    fV [mm]    dV [mm]
S17-B03     0.000        -1.168      0.022     0.096      0.030      0.177      0.025        0.199             0.052       -1.189      0.021      0.049      0.007
S17-B02     1.617        -1.183      0.022     0.143      0.030      0.262      0.023        0.060             0.052       -1.191      0.008      0.058      0.045
S17-B01     9.417        -1.415      0.022     0.055      0.030      0.128      0.023        0.108             0.052       -1.268     -0.147      0.117     -0.102
S16-B11     11.034       -1.249      0.022     0.132      0.030      0.796      0.025       -0.017             0.052       -1.289      0.040      0.133     -0.041
S16-B10     12.896       -1.336      0.022     0.180      0.030      0.350      0.023        0.129             0.052       -1.312     -0.024      0.152     -0.012
S16-B09     14.688       -1.309      0.030     0.192      0.025      0.400      0.025        0.301             0.052       -1.333      0.024      0.172     -0.020
S16-B08     16.442       -1.281      0.022     0.285      0.030      0.311      0.023        0.120             0.052       -1.351      0.070      0.193      0.052
S16-B07     18.473       -1.339      0.022     0.184      0.030      0.708      0.023        0.027             0.052       -1.370      0.031      0.219     -0.075
S16-B06     20.504       -1.393      0.022     0.322      0.030      0.224      0.023        0.119             0.052       -1.385     -0.008      0.247      0.035
S16-B05     22.258       -1.362      0.030     0.364      0.025      0.319      0.025        0.168             0.052       -1.395      0.033      0.272      0.052
S16-B04     24.050       -1.366      0.022     0.415      0.030      0.336      0.023       -0.001             0.052       -1.403      0.037      0.299      0.076
S16-B03     25.912       -1.448      0.022     0.414      0.030      0.155      0.025        0.062             0.052       -1.408     -0.040      0.329      0.045
S16-B02     27.737       -1.422      0.022     0.435      0.030      0.019      0.023        0.061             0.052       -1.410     -0.012      0.359      0.036
S16-B01     35.121       -1.384      0.022     0.537      0.030      0.274      0.023        0.032             0.052       -1.393      0.009      0.493      0.004
S15-B11     36.946       -1.334      0.022     0.584      0.030      0.308      0.025        0.008             0.052       -1.383      0.049      0.528      0.016
S15-B10     38.808       -1.370      0.022     0.585      0.030      0.176      0.023       -0.034             0.052       -1.371      0.001      0.564     -0.019
S15-B09     40.600       -1.462      0.030     0.618      0.025      0.047      0.025        0.023             0.052       -1.358     -0.104      0.599     -0.021
S15-B08     42.354       -1.405      0.022     0.652      0.030      0.045      0.023        0.112             0.052       -1.344     -0.061      0.633     -0.021
S15-B07     44.385       -1.286      0.022     0.625      0.030      0.191      0.023        0.033             0.052       -1.326      0.040      0.672     -0.087
S15-B06     46.416       -1.319      0.022     0.744      0.030      0.181      0.023       -0.025             0.052       -1.307     -0.012      0.710     -0.006
S15-B05     48.170       -1.299      0.030     0.758      0.025      0.014      0.025        0.130             0.052       -1.289     -0.010      0.742     -0.024
S15-B04     49.962       -1.294      0.022     0.874      0.030      0.111      0.023        0.040             0.052       -1.270     -0.024      0.774      0.060
S15-B03     51.824       -1.235      0.022     0.842      0.030     -0.048      0.025        0.113             0.052       -1.248      0.013      0.806     -0.004
S15-B02     53.648       -1.189      0.022     0.733      0.030     -0.029      0.023        0.229             0.052       -1.227      0.038      0.835     -0.142
S15-B01     61.033       -1.127      0.022     1.030      0.030      0.039      0.023        0.141             0.052       -1.131      0.004      0.930      0.060
S14-B11     62.857       -1.098      0.022     0.971      0.030      0.001      0.025       -0.020             0.052       -1.106      0.008      0.946     -0.015
S14-B10     64.719       -1.101      0.022     1.019      0.030      0.271      0.023        0.019             0.052       -1.079     -0.022      0.960      0.019
S14-B09     66.512       -1.064      0.030     1.072      0.025      0.029      0.025        0.182             0.052       -1.053     -0.011      0.971      0.061
S14-B08     68.265       -1.077      0.022     1.055      0.030     -0.180      0.023        0.260             0.052       -1.028     -0.049      0.978      0.037
S14-B07     70.296       -0.974      0.022     1.028      0.030      0.043      0.023        0.089             0.052       -0.997      0.023      0.982      0.006
S14-B06     72.327       -0.891      0.022     1.052      0.030      0.076      0.023        0.100             0.052       -0.966      0.075      0.982      0.030
S14-B05     74.081       -0.900      0.030     1.050      0.025      0.030      0.025        0.327             0.052       -0.939      0.039      0.980      0.030
S14-B04     75.873       -0.841      0.022     1.067      0.030      0.023      0.023        0.081             0.052       -0.912      0.071      0.974      0.053
S14-B03     77.735       -0.816      0.022     1.050      0.030     -0.233      0.025        0.050             0.052       -0.883      0.067      0.964      0.046
S14-B02     79.560       -0.868      0.022     0.962      0.030     -0.563      0.023        0.010             0.052       -0.855     -0.013      0.952     -0.030
S14-B01     86.944       -0.814      0.022     0.831      0.030     -0.056      0.023        0.199             0.052       -0.745     -0.069      0.878     -0.087
S13-B11     88.769       -0.814      0.022     0.789      0.030     -0.163      0.025        0.333             0.052       -0.719     -0.095      0.855     -0.106
S13-B10     90.631       -0.823      0.022     0.739      0.030     -0.240      0.023        0.117             0.052       -0.693     -0.130      0.829     -0.130
S13-B09     92.423       -0.723      0.030     0.825      0.025     -0.214      0.025        0.181             0.052       -0.669     -0.054      0.804     -0.019
S13-B08     94.177       -0.641      0.022     0.873      0.030     -0.121      0.023        0.222             0.052       -0.647      0.006      0.778      0.055
S13-B07     96.208       -0.613      0.022     0.777      0.030     -0.680      0.023        0.094             0.052       -0.622      0.009      0.748     -0.011
S13-B06     98.239       -0.508      0.022     0.875      0.030     -0.153      0.023        0.007             0.052       -0.599      0.091      0.717      0.118
S13-B05     99.993       -0.503      0.030     0.739      0.025     -0.166      0.025        0.198             0.052       -0.580      0.077      0.690      0.009
S13-B04     101.785      -0.566      0.022     0.644      0.030     -0.131      0.023        0.049             0.052       -0.562     -0.004      0.662     -0.058
S13-B03     103.647      -0.541      0.022     0.711      0.030     -0.116      0.025        0.097             0.052       -0.544      0.003      0.634      0.037
S13-B02     105.265      -0.510      0.022     0.657      0.030     -0.601      0.023        0.033             0.052       -0.531      0.021      0.611      0.006
S13-B01     113.064      -0.434      0.022     0.562      0.030     -0.042      0.023       -0.096             0.052       -0.480      0.046      0.503      0.019
S12-B11     114.681      -0.443      0.022     0.526      0.030     -0.031      0.025        0.148             0.052       -0.473      0.030      0.483      0.003
S12-B10     116.543      -0.531      0.022     0.503      0.030     -0.162      0.023        0.155             0.052       -0.466     -0.065      0.460      0.003
S12-B09     118.336      -0.466      0.030     0.562      0.025     -0.281      0.025        0.061             0.052       -0.461     -0.005      0.439      0.083
S12-B08     120.089      -0.541      0.022     0.504      0.030     -0.114      0.023        0.222             0.052       -0.457     -0.084      0.419      0.045
S12-B07     122.120      -0.366      0.022     0.354      0.030     -0.095      0.023       -0.158             0.052       -0.454      0.088      0.397     -0.083
S12-B06     124.151      -0.513      0.022     0.470      0.030     -0.017      0.023        0.019             0.052       -0.453     -0.060      0.375      0.055
S12-B05     125.905      -0.484      0.030     0.413      0.025      0.007      0.025        0.199             0.052       -0.452     -0.032      0.357      0.016
S12-B04     127.697      -0.445      0.022     0.389      0.030      0.085      0.023        0.053             0.052       -0.453      0.008      0.339      0.010
S12-B03     129.559      -0.469      0.022     0.318      0.030      0.105      0.025       -0.075             0.052       -0.454     -0.015      0.320     -0.042
S12-B02     131.384      -0.450      0.022     0.334      0.030      0.025      0.023        0.018             0.052       -0.457      0.007      0.301     -0.007
S12-B01     138.768      -0.395      0.022     0.222      0.030      0.037      0.023        0.065             0.052       -0.472      0.077      0.225     -0.043
S11-B11     140.593      -0.352      0.022     0.136      0.030      0.326      0.025       -0.005             0.052       -0.476      0.124      0.205     -0.109
S11-B10     142.454      -0.544      0.022     0.171      0.030      0.238      0.023        0.154             0.052       -0.481     -0.063      0.185     -0.054
S11-B09     144.247      -0.511      0.030     0.156      0.025      0.216      0.025        0.010             0.052       -0.486     -0.025      0.165     -0.049
S11-B08     146.001      -0.543      0.022     0.191      0.030      0.247      0.023       -0.004             0.052       -0.492     -0.051      0.145      0.006
S11-B07     148.032      -0.619      0.022     0.033      0.030      0.173      0.023       -0.210             0.052       -0.498     -0.121      0.121     -0.128
S11-B06     150.063      -0.444      0.022     0.229      0.030      0.280      0.023        0.034             0.052       -0.504      0.060      0.097      0.092
S11-B05     151.816      -0.489      0.030     0.229      0.025      0.200      0.025        0.200             0.052       -0.509      0.020      0.077      0.112
S11-B04     153.609      -0.463      0.022     0.149      0.030      0.098      0.023        0.025             0.052       -0.514      0.051      0.056      0.053
S11-B03     155.471      -0.452      0.022     0.147      0.030      0.056      0.025        0.085             0.052       -0.520      0.068      0.034      0.073
S11-B02     157.295      -0.434      0.022     0.140      0.030      0.059      0.023        0.046             0.052       -0.525      0.091      0.013      0.087
S11-B01     164.680      -0.521      0.022     0.071      0.030      0.176      0.023       -0.097             0.052       -0.549      0.028     -0.065     -0.046
S10-B11     166.504      -0.574      0.022     0.050      0.030      0.260      0.025       -0.019             0.052       -0.555     -0.019     -0.081     -0.009
S10-B10     168.366      -0.645      0.022     0.017      0.030      0.289      0.023        0.162             0.052       -0.562     -0.083     -0.097      0.040
S10-B09     170.159      -0.667      0.030     0.053      0.025      0.212      0.025       -0.046             0.052       -0.569     -0.098     -0.110      0.017
S10-B08     171.912      -0.693      0.022     0.099      0.030      0.133      0.023       -0.081             0.052       -0.576     -0.117     -0.122     -0.017
S10-B07     173.943      -0.611      0.022     0.081      0.030      0.343      0.023        0.084             0.052       -0.585     -0.026     -0.133      0.012
S10-B06     175.974      -0.614      0.022     0.082      0.030      0.328      0.023        0.020             0.052       -0.595     -0.019     -0.142      0.020
S10-B05     177.728      -0.645      0.030     0.182      0.025      0.303      0.025       -0.114             0.052       -0.604     -0.041     -0.147     -0.075
S10-B04     179.520      -0.624      0.022     0.129      0.030      0.276      0.023       -0.007             0.052       -0.614     -0.010     -0.151     -0.018
S10-B03     181.382      -0.592      0.022     0.160      0.030      0.189      0.025        0.107             0.052       -0.626      0.034     -0.153     -0.047
S10-B02     183.207      -0.548      0.022     0.194      0.030      0.140      0.023        0.142             0.052       -0.638      0.090     -0.152     -0.082
S10-B01     190.591      -0.622      0.022     0.088      0.030      0.163      0.023       -0.027             0.052       -0.695      0.073     -0.127     -0.001
S09-B11     192.416      -0.645      0.022     0.098      0.030      0.199      0.025       -0.049             0.052       -0.712      0.067     -0.115     -0.023
S09-B10     194.278      -0.748      0.022     0.073      0.030      0.161      0.023        0.005             0.052       -0.729     -0.019     -0.101     -0.012
S09-B09     196.070      -0.791      0.030     0.013      0.025      0.090      0.025        0.112             0.052       -0.747     -0.044     -0.087      0.034
S09-B08     197.824      -0.799      0.022     0.026      0.030      0.115      0.023        0.017             0.052       -0.766     -0.033     -0.071      0.057
S09-B07     199.855      -0.725      0.022     0.027      0.030      0.020      0.023       -0.063             0.052       -0.788      0.063     -0.051     -0.016
S09-B06     201.886      -0.828      0.022     0.085      0.030      0.186      0.023       -0.093             0.052       -0.810     -0.018     -0.030      0.075
S09-B05     203.639      -0.792      0.030     0.059      0.025      0.243      0.025       -0.242             0.052       -0.830      0.038     -0.010      0.029
S09-B04     205.432      -0.824      0.022     0.078      0.030      0.173      0.023       -0.036             0.052       -0.851      0.027      0.010      0.028
S09-B03     207.294      -0.818      0.022     0.070      0.030      0.222      0.025        0.079             0.052       -0.873      0.055      0.032     -0.002
S09-B02     208.911      -0.803      0.022     0.060      0.030      0.087      0.023        0.007             0.052       -0.892      0.089      0.052     -0.032
S09-B01     216.711      -1.052      0.022     0.128      0.030      0.067      0.023        0.005             0.052       -0.980     -0.072      0.143     -0.055
S08-B11     218.328      -1.169      0.022     0.148      0.030      0.050      0.025        0.060             0.052       -0.997     -0.172      0.160     -0.052
S08-B10     220.190      -0.978      0.022     0.225      0.030      0.091      0.023       -0.001             0.052       -1.015      0.037      0.180      0.005
S08-B09     221.982      -1.033      0.030     0.294      0.025      0.132      0.025        0.162             0.052       -1.032     -0.001      0.197      0.057
S08-B08     223.736      -1.098      0.022     0.278      0.030      0.150      0.023        0.011             0.052       -1.047     -0.051      0.212      0.026
S08-B07     225.767      -1.087      0.022     0.258      0.030      0.006      0.023        0.172             0.052       -1.062     -0.025      0.228     -0.010
S08-B06     227.798      -1.079      0.022     0.301      0.030      0.077      0.023       -0.014             0.052       -1.075     -0.004      0.242      0.019
S08-B05     229.552      -1.079      0.030     0.326      0.025      0.116      0.025       -0.009             0.052       -1.085      0.006      0.252      0.034
S08-B04     231.344      -1.044      0.022     0.399      0.030      0.130      0.023       -0.118             0.052       -1.093      0.049      0.260      0.099
S08-B03     233.206      -1.100      0.022     0.279      0.030     -0.118      0.025       -0.168             0.052       -1.099     -0.001      0.266     -0.027
S08-B02     235.031      -1.082      0.022     0.283      0.030     -0.157      0.023       -0.191             0.052       -1.103      0.021      0.269     -0.026
S08-B01     242.416      -1.065      0.022     0.169      0.030     -0.110      0.023        0.093             0.052       -1.096      0.031      0.257     -0.128
S07-B11     244.240      -1.130      0.022     0.257      0.030      0.145      0.025        0.078             0.052       -1.089     -0.041      0.248     -0.031
S07-B10     246.102      -1.136      0.022     0.096      0.030     -0.256      0.023       -0.055             0.052       -1.079     -0.057      0.235     -0.179
S07-B09     247.894      -1.142      0.030     0.278      0.025     -0.218      0.025        0.182             0.052       -1.067     -0.075      0.221      0.017
S07-B08     249.648      -1.046      0.022     0.186      0.030     -0.293      0.023        0.095             0.052       -1.054      0.008      0.205     -0.059
S07-B07     251.679      -0.943      0.022     0.177      0.030     -0.173      0.023        0.031             0.052       -1.037      0.094      0.183     -0.046
S07-B06     253.710      -1.015      0.022     0.293      0.030     -0.080      0.023        0.163             0.052       -1.017      0.002      0.159      0.094
S07-B05     255.464      -0.976      0.030     0.257      0.025     -0.172      0.025       -0.007             0.052       -0.999      0.023      0.135      0.082
S07-B04     257.256      -0.977      0.022     0.258      0.030     -0.291      0.023        0.102             0.052       -0.979      0.002      0.110      0.108
S07-B03     259.118      -0.871      0.022     0.244      0.030     -0.199      0.025       -0.083             0.052       -0.957      0.086      0.082      0.122
S07-B02     260.942      -0.954      0.022     0.103      0.030     -0.243      0.023        0.145             0.052       -0.935     -0.019      0.053      0.010
S07-B01     268.327      -0.894      0.022     0.034      0.030      0.133      0.023       -0.097             0.052       -0.844     -0.050     -0.072     -0.002
S06-B11     270.151      -0.889      0.022     0.070      0.030      0.069      0.025        0.011             0.052       -0.823     -0.066     -0.104     -0.006
S06-B10     272.013      -0.765      0.022     0.091      0.030     -0.083      0.023       -0.083             0.052       -0.802      0.037     -0.136      0.005
S06-B09     273.806      -0.806      0.030     0.120      0.025     -0.130      0.025       -0.226             0.052       -0.783     -0.023     -0.166      0.006
S06-B08     275.559      -0.744      0.022     0.140      0.030     -0.170      0.023       -0.079             0.052       -0.766      0.022     -0.195      0.015
S06-B07     277.590      -0.713      0.022     0.275      0.030     -0.166      0.023       -0.108             0.052       -0.748      0.035     -0.227     -0.088
S06-B06     279.621      -0.714      0.022     0.217      0.030     -0.122      0.023       -0.075             0.052       -0.732      0.018     -0.257      0.000
S06-B05     281.375      -0.660      0.030     0.253      0.025     -0.124      0.025       -0.168             0.052       -0.722      0.062     -0.281     -0.012
S06-B04     283.168      -0.701      0.022     0.280      0.030     -0.705      0.023       -0.023             0.052       -0.713      0.012     -0.303     -0.017
S06-B03     285.029      -0.646      0.022     0.274      0.030     -0.070      0.025       -0.381             0.052       -0.707      0.061     -0.324      0.010
S06-B02     286.854      -0.712      0.022     0.321      0.030     -0.609      0.023       -0.237             0.052       -0.703     -0.009     -0.343     -0.018
S06-B01     294.239      -0.768      0.022     0.362      0.030     -0.160      0.023       -0.057             0.052       -0.722     -0.046     -0.388     -0.014
S05-B11     296.064      -0.734      0.022     0.390      0.030     -0.619      0.025       -0.097             0.052       -0.735      0.001     -0.391     -0.039
S05-B10     297.925      -0.745      0.022     0.430      0.030     -0.268      0.023       -0.097             0.052       -0.751      0.006     -0.392     -0.078
S05-B09     299.717      -0.832      0.030     0.254      0.025     -0.213      0.025       -0.076             0.052       -0.770     -0.062     -0.390      0.096
S05-B08     301.471      -0.882      0.022     0.381      0.030     -0.030      0.023        0.054             0.052       -0.791     -0.091     -0.385     -0.036
S05-B07     303.502      -0.862      0.022     0.359      0.030      0.044      0.023       -0.030             0.052       -0.819     -0.043     -0.377     -0.022
S05-B06     305.533      -0.833      0.022     0.338      0.030     -0.295      0.023        0.096             0.052       -0.850      0.017     -0.365     -0.013
S05-B05     307.287      -0.876      0.030     0.274      0.025     -0.302      0.025        0.002             0.052       -0.879      0.003     -0.353      0.039
S05-B04     309.079      -0.943      0.022     0.293      0.030     -0.301      0.023       -0.011             0.052       -0.911     -0.032     -0.338      0.005
S05-B03     310.941      -0.958      0.022     0.221      0.030     -0.092      0.025       -0.044             0.052       -0.946     -0.012     -0.321      0.060
S05-B02     312.558      -0.983      0.022     0.202      0.030     -0.186      0.023        0.021             0.052       -0.978     -0.005     -0.304      0.062
S05-B01     320.358      -1.192      0.022     0.143      0.030      0.143      0.023        0.076             0.052       -1.141     -0.051     -0.213      0.030
S04-B11     321.975      -1.189      0.022     0.201      0.030      0.102      0.025        0.109             0.052       -1.175     -0.014     -0.193     -0.048
S04-B10     323.837      -1.182      0.022     0.215      0.030      0.037      0.023        0.232             0.052       -1.214      0.032     -0.170     -0.085
S04-B09     325.629      -1.205      0.030     0.069      0.025     -0.029      0.025        0.118             0.052       -1.250      0.045     -0.148      0.039
S04-B08     327.383      -1.233      0.022     0.106      0.030     -0.174      0.023       -0.070             0.052       -1.284      0.051     -0.127     -0.019
S04-B07     329.415      -1.288      0.022     0.064      0.030     -0.702      0.023       -0.095             0.052       -1.321      0.033     -0.104      0.000
S04-B06     331.445      -1.311      0.022     0.047      0.030      0.176      0.023        0.238             0.052       -1.355      0.044     -0.082     -0.005
S04-B05     333.199      -1.338      0.030     0.027      0.025      0.007      0.025        0.247             0.052       -1.383      0.045     -0.064      0.051
S04-B04     334.991      -1.349      0.022     0.015      0.030     -0.029      0.023       -0.147             0.052       -1.408      0.059     -0.048      0.023
S04-B03     336.853      -1.532      0.022     0.061      0.030      0.027      0.025       -0.027             0.052       -1.430     -0.102     -0.032      0.053
S04-B02     338.678      -1.357      0.022     0.048      0.030     -0.473      0.023        0.027             0.052       -1.449      0.092     -0.018      0.026
S04-B01     346.062      -1.460      0.022     0.019      0.030     -0.095      0.023       -0.030             0.052       -1.486      0.026      0.016     -0.075
S03-B11     347.887      -1.461      0.022     0.021      0.030     -0.070      0.025        0.041             0.052       -1.485      0.024      0.019     -0.080
S03-B10     349.748      -1.468      0.022     0.005      0.030     -0.141      0.023       -0.049             0.052       -1.479      0.011      0.020     -0.065
S03-B09     351.541      -1.540      0.030     0.113      0.025     -0.194      0.025        0.017             0.052       -1.470     -0.070      0.018      0.055
S03-B08     353.294      -1.525      0.022     0.011      0.030     -0.223      0.023       -0.103             0.052       -1.457     -0.068      0.014     -0.065
S03-B07     355.326      -1.466      0.022     0.050      0.030     -0.203      0.023       -0.080             0.052       -1.437     -0.029      0.007      0.003
S03-B06     357.357      -1.433      0.022     0.028      0.030     -0.149      0.023        0.157             0.052       -1.412     -0.021     -0.003     -0.009
S03-B05     359.110      -1.430      0.030     0.085      0.025     -0.135      0.025       -0.076             0.052       -1.387     -0.043     -0.014      0.059
S03-B04     360.903      -1.364      0.022     0.045      0.030     -0.252      0.023        0.114             0.052       -1.358     -0.006     -0.028      0.033
S03-B03     362.764      -1.228      0.022     0.024      0.030     -0.211      0.025       -0.004             0.052       -1.325      0.097     -0.044     -0.020
S03-B02     364.589      -1.250      0.022     0.013      0.030     -0.075      0.023        0.093             0.052       -1.289      0.039     -0.062      0.035
S03-B01     371.973      -1.143      0.022     0.131      0.030     -0.040      0.023        0.037             0.052       -1.123     -0.020     -0.156     -0.015
S02-B11     373.798      -1.132      0.022     0.220      0.030     -0.029      0.025        0.042             0.052       -1.079     -0.053     -0.183     -0.077
S02-B10     375.660      -1.127      0.022     0.150      0.030     -0.129      0.023       -0.062             0.052       -1.033     -0.094     -0.213      0.023
S02-B09     377.452      -1.062      0.030     0.248      0.025     -0.051      0.025        0.318             0.052       -0.989     -0.073     -0.243     -0.045
S02-B08     379.206      -1.037      0.022     0.169      0.030     -0.068      0.023       -0.094             0.052       -0.946     -0.091     -0.273      0.064
S02-B07     381.237      -0.910      0.022     0.206      0.030     -0.183      0.023        0.084             0.052       -0.897     -0.013     -0.309      0.063
S02-B06     383.268      -0.802      0.022     0.233      0.030     -0.117      0.023       -0.059             0.052       -0.849      0.047     -0.345      0.072
S02-B05     385.022      -0.830      0.030     0.327      0.025     -0.122      0.025        0.309             0.052       -0.809     -0.021     -0.377      0.010
S02-B04     386.814      -0.816      0.022     0.312      0.030     -0.272      0.023        0.156             0.052       -0.771     -0.045     -0.409      0.057
S02-B03     388.676      -0.563      0.022     0.402      0.030     -0.297      0.025       -0.075             0.052       -0.733      0.170     -0.443      0.001
S02-B02     390.500      -0.530      0.022     0.426      0.030     -0.379      0.023       -0.076             0.052       -0.698      0.168     -0.475      0.009
S02-B01     397.885      -0.490      0.022     0.590      0.030      0.025      0.023       -0.100             0.052       -0.588      0.098     -0.590     -0.040
S01-B11     399.709      -0.543      0.022     0.662      0.030     -0.069      0.025        0.006             0.052       -0.569      0.026     -0.613     -0.089
S01-B10     401.571      -0.545      0.022     0.664      0.030     -0.164      0.023        0.043             0.052       -0.553      0.008     -0.633     -0.071
S01-B09     403.364      -0.547      0.030     0.690      0.025     -0.026      0.025        0.165             0.052       -0.542     -0.005     -0.650     -0.080
S01-B08     405.117      -0.562      0.022     0.662      0.030      0.055      0.023       -0.067             0.052       -0.533     -0.029     -0.663     -0.039
S01-B07     407.148      -0.695      0.022     0.676      0.030     -0.046      0.023       -0.306             0.052       -0.528     -0.167     -0.674     -0.042
S01-B06     409.179      -0.504      0.022     0.560      0.030      0.091      0.023       -0.160             0.052       -0.526      0.022     -0.679      0.079
S01-B05     410.933      -0.506      0.030     0.568      0.025     -0.042      0.025       -0.054             0.052       -0.528      0.022     -0.680      0.072
S01-B04     412.725      -0.527      0.022     0.599      0.030     -0.079      0.023        0.002             0.052       -0.532      0.005     -0.676      0.037
S01-B03     414.587      -0.475      0.022     0.636      0.030     -0.132      0.025        0.085             0.052       -0.539      0.064     -0.667     -0.009
S01-B02     416.205      -0.499      0.022     0.633      0.030     -0.202      0.023        0.174             0.052       -0.547      0.048     -0.656     -0.017
S01-B01     424.004      -0.773      0.022     0.556      0.030      0.204      0.023        0.036             0.052       -0.605     -0.168     -0.549     -0.047
S20-B11     425.622      -0.790      0.022     0.382      0.030     -0.675      0.025       -0.020             0.052       -0.620     -0.170     -0.516      0.094
S20-B10     427.484      -0.672      0.022     0.406      0.030      0.007      0.023       -0.024             0.052       -0.637     -0.035     -0.475      0.029
S20-B09     429.276      -0.669      0.030     0.496      0.025      0.028      0.025        0.004             0.052       -0.653     -0.016     -0.433     -0.103
S20-B08     431.029      -0.573      0.022     0.347      0.030      0.137      0.023        0.227             0.052       -0.669      0.096     -0.388      0.001
S20-B07     433.060      -0.702      0.022     0.227      0.030      0.705      0.023        0.080             0.052       -0.686     -0.016     -0.333      0.066
S20-B06     435.092      -0.530      0.022     0.166      0.030      0.210      0.023        0.024             0.052       -0.703      0.173     -0.275      0.069
S20-B05     436.845      -0.753      0.030     0.039      0.025      0.028      0.025        0.193             0.052       -0.716     -0.037     -0.224      0.145
S20-B04     438.638      -0.723      0.022     0.088      0.030     -0.118      0.023        0.151             0.052       -0.728      0.005     -0.171      0.043
S20-B03     440.499      -0.639      0.022     0.189      0.030      0.102      0.025        0.039             0.052       -0.739      0.100     -0.115     -0.114
S20-B02     442.324      -0.752      0.022     0.118      0.030      0.084      0.023        0.048             0.052       -0.749     -0.003     -0.060     -0.098
S20-B01     449.708      -0.805      0.022     0.134      0.030      0.336      0.023        0.201             0.052       -0.770     -0.035      0.148     -0.054
S19-B11     451.533      -0.734      0.022     0.199      0.030      0.103      0.025        0.510             0.052       -0.771      0.037      0.194     -0.035
S19-B10     453.395      -0.790      0.022     0.235      0.030     -0.008      0.023        0.190             0.052       -0.771     -0.019      0.237     -0.042
S19-B09     455.187      -0.797      0.030     0.347      0.025      0.117      0.025        0.219             0.052       -0.769     -0.028      0.275      0.032
S19-B08     456.941      -0.782      0.022     0.303      0.030     -0.039      0.023        0.040             0.052       -0.767     -0.015      0.308     -0.045
S19-B07     458.972      -0.891      0.022     0.400      0.030      0.294      0.023        0.157             0.052       -0.764     -0.127      0.341      0.019
S19-B06     461.003      -0.695      0.022     0.551      0.030      0.081      0.023        0.251             0.052       -0.760      0.065      0.369      0.142
S19-B05     462.757      -0.729      0.030     0.490      0.025     -0.021      0.025        0.468             0.052       -0.756      0.027      0.389      0.061
S19-B04     464.549      -0.769      0.022     0.385      0.030      0.039      0.023        0.262             0.052       -0.753     -0.016      0.404     -0.059
S19-B03     466.411      -0.727      0.022     0.415      0.030     -0.069      0.025        0.353             0.052       -0.750      0.023      0.416     -0.041
S19-B02     468.235      -0.775      0.022     0.426      0.030      0.162      0.023        0.169             0.052       -0.748     -0.027      0.422     -0.036
S19-B01     475.620      -0.729      0.022     0.416      0.030      0.190      0.023        0.107             0.052       -0.755      0.026      0.407     -0.031
S18-B11     477.445      -0.739      0.022     0.322      0.030      0.304      0.025        0.281             0.052       -0.761      0.022      0.394     -0.112
S18-B10     479.306      -0.699      0.022     0.446      0.030      0.269      0.023        0.227             0.052       -0.770      0.071      0.379      0.027
S18-B09     481.099      -0.675      0.030     0.417      0.025      0.000      0.025        0.056             0.052       -0.781      0.106      0.361      0.016
S18-B08     482.853      -0.784      0.022     0.364      0.030      0.142      0.023        0.330             0.052       -0.794      0.010      0.343     -0.019
S18-B07     484.883      -0.901      0.022     0.396      0.030      0.308      0.023        0.028             0.052       -0.811     -0.090      0.319      0.037
S18-B06     486.915      -0.870      0.022     0.448      0.030      0.193      0.023        0.382             0.052       -0.832     -0.038      0.295      0.113
S18-B05     488.668      -0.915      0.030     0.486      0.025      0.301      0.025        0.305             0.052       -0.851     -0.064      0.273      0.173
S18-B04     490.461      -0.896      0.022     0.220      0.030      0.230      0.023        0.182             0.052       -0.872     -0.024      0.251     -0.071
S18-B03     492.322      -0.985      0.022     0.313      0.030      0.559      0.025        0.106             0.052       -0.896     -0.089      0.229      0.044
S18-B02     494.147      -0.889      0.022     0.198      0.030      0.017      0.023        0.178             0.052       -0.920      0.031      0.207     -0.049
S18-B01     501.531      -0.953      0.022     0.144      0.030      0.635      0.023        0.072             0.052       -1.020      0.067      0.134     -0.030
S17-B11     503.356      -1.010      0.022     0.128      0.030      0.837      0.025       -0.060             0.052       -1.043      0.033      0.120     -0.032
S17-B10     505.217      -1.045      0.022     0.131      0.030      0.804      0.023        0.046             0.052       -1.065      0.020      0.108     -0.017
S17-B09     507.010      -1.056      0.030     0.003      0.025      0.374      0.025        0.189             0.052       -1.085      0.029      0.098     -0.135
S17-B08     508.764      -1.087      0.022     0.086      0.030      0.321      0.023        0.279             0.052       -1.103      0.016      0.090     -0.044
S17-B07     510.795      -1.220      0.022     0.115      0.030      0.313      0.023        0.126             0.052       -1.122     -0.098      0.083     -0.008
S17-B06     512.826      -1.094      0.022     0.191      0.030      0.429      0.023        0.130             0.052       -1.140      0.046      0.079      0.072
S17-B05     514.580      -1.194      0.030     0.169      0.025      0.037      0.025        0.288             0.052       -1.155     -0.039      0.076      0.053
S17-B04     516.372      -1.179      0.022     0.168      0.030      0.163      0.023        0.204             0.052       -1.170     -0.009      0.075      0.053
S17-B03     518.234      -1.168      0.022     0.096      0.030      0.177      0.025        0.199             0.052       -1.189      0.021      0.075     -0.019
